
4
50 4 
0 4 2 1 4
1 0 40 12 4
2 26 13 21 4
3 6 9 22 4
4 13 18 17 0
5 42 10 14 4
6 28 41 8 4
7 24 64 36 4
8 50 37 45 4
9 30 33 46 4
10 5 25 20 8
11 66 34 38 4
12 52 65 32 4
13 48 88 60 4
14 74 61 69 4
15 54 57 70 4
16 29 49 44 16
17 90 58 62 4
18 76 89 56 4
19 72 112 84 4
20 98 85 93 4
21 78 81 94 4
22 53 73 68 24
23 114 82 86 4
24 100 113 80 4
25 96 136 108 4
26 122 109 117 4
27 102 105 118 4
28 77 97 92 32
29 138 106 110 4
30 124 137 104 4
31 120 160 132 4
32 146 133 141 4
33 126 129 142 4
34 101 121 116 40
35 162 130 134 4
36 148 161 128 4
37 144 184 156 4
38 170 157 165 4
39 150 153 166 4
40 125 145 140 48
41 186 154 158 4
42 172 185 152 4
43 168 208 180 4
44 194 181 189 4
45 174 177 190 4
46 149 169 164 56
47 210 178 182 4
48 196 209 176 4
49 192 212 204 4
50 197 202 201 0
51 198 213 214 4
52 173 193 188 64
53 197 205 206 4

40


25


28


64
6 7 
10 5 64 20 11
16 41 49 44 16
2 36 13 21 4
9 8 33 46 4

49


52


88
12 13 
16 41 88 44 16
22 65 73 68 24
8 60 37 45 4
15 32 57 70 4

73


76


112
18 19 
22 65 112 68 24
28 89 97 92 32
14 84 61 69 4
21 56 81 94 4

97


100


136
24 25 
28 89 136 92 32
34 113 121 116 40
20 108 85 93 4
27 80 105 118 4

121


124


160
30 31 
34 113 160 116 40
40 137 145 140 48
26 132 109 117 4
33 104 129 142 4

145


148


184
36 37 
40 137 184 140 48
46 161 169 164 56
32 156 133 141 4
39 128 153 166 4

169


172


208
42 43 
46 161 208 164 56
52 185 193 188 64
38 180 157 165 4
45 152 177 190 4

193


196


212
48 49 
52 185 212 188 64
53 209 205 206 4
44 204 181 189 4
51 176 213 214 4

205


176


181
51 44 
53 209 181 189 4
45 152 213 190 4
47 210 214 182 4

152


157
45 38 
53 209 157 189 4
39 128 213 166 4
47 210 214 165 4
41 186 190 158 4

128


133
39 32 
53 209 133 189 4
33 104 213 142 4
41 186 190 141 4
35 162 166 134 4

104


109
33 26 
53 209 109 189 4
27 80 213 118 4
35 162 166 117 4
29 138 142 110 4

80


85
27 20 
53 209 85 189 4
21 56 213 94 4
29 138 142 93 4
23 114 118 86 4

56


61
21 14 
53 209 61 189 4
15 32 213 70 4
23 114 118 69 4
17 90 94 62 4

32


37
15 8 
53 209 37 189 4
9 8 213 46 4
17 90 94 45 4
11 66 70 38 4

8


13
9 2 
53 209 13 189 4
3 6 213 22 4
11 66 70 21 4
5 42 46 14 4

6


0


210


185


161


137


113


89


65


41


5


0


214


209


185


161


137


113


89


65


41


5


0


186


161


137


113


89


65


41


5


0


190


210


185


161


137


113


89


65


41


5


0


162


137


113


89


65


41


5


0


166


186


161


137


113


89


65


41


5


0


138


113


89


65


41


5


0


142


162


137


113


89


65


41


5


0


114


89


65


41


5


0


118


138


113


89


65


41


5


0


90


65


41


5


0


94


114


89


65


41


5


0


66


41


5


0


70


90


65


41


5


0


42


5


0


46


66


41


5


0


6


0


213


209


185


161


137


113


89


65


41


5


0


42


5


0

